2 0.804904 0.935809 0.212386 0.127282
7 0.537793 0.757183 0.17357 0.214816
7 0.488029 0.932182 0.187416 0.134896
7 0.0546532 0.671126 0.109051 0.167013
7 0.946464 0.904988 0.106018 0.189195
2 0.254819 0.82181 0.150649 0.152512
7 0.310896 0.591984 0.178363 0.156015
7 0.186965 0.399188 0.113148 0.11352
2 0.804904 0.935809 0.212386 0.127282
7 0.537793 0.757183 0.17357 0.214816
7 0.488029 0.932182 0.187416 0.134896
7 0.0546532 0.671126 0.109051 0.167013
7 0.946464 0.904988 0.106018 0.189195
2 0.254819 0.82181 0.150649 0.152512
7 0.310896 0.591984 0.178363 0.156015
7 0.186965 0.399188 0.113148 0.11352
0 0.488748 0.359566 0.022654 0.0977723
7 0.970563 0.411739 0.0578412 0.106985
7 0.595455 0.377093 0.074984 0.0785331
