2 0.520268 0.465737 0.131066 0.122116
2 0.398701 0.447042 0.103703 0.120875
7 0.740379 0.393026 0.13681 0.222826
2 0.212371 0.456423 0.102002 0.103462
0 0.0468812 0.444662 0.0289206 0.109953
0 0.138659 0.452812 0.0367861 0.108371
0 0.0873696 0.451886 0.026615 0.0979421
7 0.922701 0.466837 0.153834 0.343656
2 0.520268 0.465737 0.131066 0.122116
2 0.398701 0.447042 0.103703 0.120875
7 0.740379 0.393026 0.13681 0.222826
2 0.212371 0.456423 0.102002 0.103462
0 0.0468812 0.444662 0.0289206 0.109953
0 0.138659 0.452812 0.0367861 0.108371
0 0.0873696 0.451886 0.026615 0.0979421
7 0.922701 0.466837 0.153834 0.343656
7 0.916127 0.378974 0.16665 0.538657
2 0.824095 0.432216 0.0438593 0.0923181
7 0.823566 0.432016 0.0429447 0.0892323
0 0.164869 0.441847 0.0181802 0.0765297
